Accuracy: 0.8788

              precision    recall  f1-score   support

           A       0.80      0.83      0.81       800
           B       0.91      0.92      0.91       800
           C       0.91      0.92      0.92       800
           D       0.89      0.86      0.87       800
           E       0.91      0.89      0.90       800
           F       0.90      0.91      0.91       800
           G       0.76      0.73      0.75       800
           H       0.90      0.87      0.88       800
           I       0.69      0.70      0.69       800
           J       0.89      0.88      0.88       800
           K       0.91      0.92      0.91       800
           L       0.71      0.73      0.72       800
           M       0.94      0.94      0.94       800
           N       0.86      0.88      0.87       800
           O       0.92      0.96      0.94       800
           P       0.93      0.95      0.94       800
           Q       0.78      0.77      0.77       800
           R       0.88      0.86      0.87       800
           S       0.95      0.94      0.95       800
           T       0.88      0.89      0.89       800
           U       0.91      0.90      0.90       800
           V       0.90      0.90      0.90       800
           W       0.95      0.94      0.94       800
           X       0.92      0.92      0.92       800
           Y       0.90      0.91      0.90       800
           Z       0.95      0.95      0.95       800

    accuracy                           0.88     20800
   macro avg       0.88      0.88      0.88     20800
weighted avg       0.88      0.88      0.88     20800
